1185
1183
1188
1183
1189
1190
1184
1179
1182
1179
1182
1180
1184
1184
1186
1183
1186
1183
1186
1180
1176
1173
1169
1171
1176
1176
1162
1168
1172
1186
1193
1193
1209
1208
1213
1208
1211
1211
1208
1212
1214
1211
1219
1218
1212
1212
1215
1217
1213
1216
1216
1217
1209
1212
1210
1211
1207
1211
1212
1211
1216
1215
1217
1217
1214
1215
1211
1216
1210
1211
1210
1208
1210
1212
1210
1214
1217
1213
1214
1215
1212
1211
1211
1214
1215
1218
1217
1217
1215
1210
1193
1187
1191
1188
1189
1195
1217
1215
1216
1218
1215
1217
1224
1224
1223
1221
1221
1222
1219
1219
1224
1223
1225
1221
1215
1219
1218
1219
1218
1220
1220
1222
1219
1220
1219
1216
1216
1219
1217
1217
1217
1220
1218
1218
1218
1220
1218
1218
1219
1219
1219
1220
1222
1224
1222
1219
1219
1220
1222
1222
1220
1221
1219
1219
1219
1220
1220
1221
1219
1218
1218
1218
1214
1211
1212
1209
1209
1209
1206
1218
1217
1218
1218
1221
1222
1221
1220
1220
1219
1221
1219
1219
1219
1220
1220
1216
1217
1215
1216
1215
1214
1217
1217
1217
1218
1227
1224
1223
1225
1223
1224
1223
1224
1222
1217
1222
1221
1219
1217
1217
1210
1211
1210
1207
1206
1210
1209
1211
1211
1211
1208
1209
1206
1198
1198
1191
1194
1195
1195
1196
1196
1196
1194
1194
1204
1189
1192
1196
1196
1192
1194
1187
1185
1189
1193
1191
1191
1194
1195
1195
1193
1194
1191
1199
1199
1198
1199
1200
1202
1200
1200
1197
1200
1198
1196
1194
1197
1200
1199
1196
1197
1197
1197
1193
1193
1188
1191
1192
1190
1190
1192
1190
1189
1195
1195
1194
1197
1194
1197
1198
1198
1199
1197
1196
1196
1194
1195
1193
1195
1196
1195
1196
1198
1197
1197
1200
1203
1202
1202
1200
1198
1202
1201
1199
1196
1195
1193
1195
1195
1193
1192
1194
1194
1195
1194
1196
1196
1196
1197
1195
1194
1196
1197
1200
1200
1201
1201
1202
1200
1200
1198
1194
1196
1201
1201
1202
1201
1212
1215
1217
1217
1217
1216
1214
1216
1218
1216
1217
1218
1218
1218
1219
1215
1214
1216
1214
1214
1215
1213
1217
1216
1216
1216
1217
1216
1215
1215
1216
1210
1211
1207
1208
1207
1209
1211
1211
1212
1214
1213
1224
1231
1250
1250
1247
1250
1252
1251
1249
1249
1251
1251
1253
1250
1255
1254
1260
1263
1254
1251
1252
1253
1256
1254
1254
1254
1253
1253
1253
1251
1250
1250
1248
1251
1255
1253
1247
1248
1249
1248
1247
1251
1253
1254
1252
1250
1251
1255
1251
1252
1251
1250
1249
1247
1247
1249
1248
1245
1243
1244
1250
1248
1262
1264
1263
1266
1272
1265
1266
1269
1269
1270
1268
1266
1266
1264
1264
1264
1266
1264
1265
1264
1263
1263
1263
1265
1265
1262
1262
1264
1265
1264
1264
1263
1264
1261
1262
1262
1263
1262
1264
1264
1264
1263
1263
1263
1262
1262
1263
1266
1274
1264
1264
1265
1265
1271
1270
1269
1289
1294
1293
1305
1309
1310
1308
1308
1311
1310
1317
1322
1318
1320
1320
1326
1335
1337
1341
1335
1330
1321
1318
1321
1320
1327
1324
1321
1325
1327
1327
1325
1323
1328
1330
1333
1329
1326
1328
1332
1333
1330
1332
1341
1339
1342
1339
1336
1335
1338
1338
1331
1331
1331
1331
1334
1335
1334
1335
1336
1336
1332
1333
1333
1323
1325
1328
1338
1343
1342
1343
1351
1389
1413
1402
1399
1401
1404
1395
1399
1398
1400
1400
1400
1398
1399
1407
1381
1386
1387
1428
1421
1426
1434
1426
1423
1416
1406
1407
1409
1415
1411
1407
1411
1408
1409
1410
1416
1410
1406
1405
1410
1422
1411
1417
1416
1420
1427
1455
1454
1451
1541
1552
1558
1556
1553
1546
1557
1554
1563
1523
1522
1530
1539
1533
1523
1525
1529
1529
1533
1530
1535
1539
1551
1550
1528
1529
1522
1525
1526
1528
1526
1529
1523
1532
1532
1533
1532
1532
1540
1557
1546
1552
1548
1550
1554
1552
1558
1553
1557
1568
1573
1569
1573
1576
1571
1566
1538
1545
1547
1543
1540
1544
1542
1550
1552
1562
1572
1591
1587
1580
1580
1577
1566
1557
1563
1564
1568
1570
1559
1563
1569
1565
1562
1569
1570
1570
1581
1572
1574
1580
1593
1589
1587
